0.000000000,said
0.000000000,cock
0.000000000,more
0.000000000,little
0.000000000,hand
0.000000000,mouth
0.000000000,felt
0.000000000,pussy
0.000000000,did
0.000000000,hands
0.000000000,body
0.000000000,face
0.000000000,legs
0.000000000,still
0.000000000,hard
0.000000000,cunt
0.000000000,eyes
0.000000000,while
0.010526316,very
0.000000000,pulled
0.000000000,right
0.000000000,didnt
0.000000000,each
0.000000000,feel
0.000000000,started
0.000000000,long
0.000000000,lips
0.000000000,room
0.000000000,thought
0.000000000,let
0.000000000,came
0.000000000,both
0.000000000,slowly
0.000000000,through
0.000000000,until
0.000000000,much
0.021052632,really
0.000000000,knew
0.000000000,fuck
0.000000000,fingers
0.000000000,never
0.000000000,hot
0.000000000,made
0.000000000,put
0.000000000,turned
0.000000000,cum
0.000000000,oh
0.000000000,left
0.000000000,breasts
0.000000000,next
0.000000000,few
0.000000000,moved
0.000000000,hair
0.000000000,girl
0.000000000,girls
0.000000000,sure
0.000000000,yes
0.000000000,reached
0.000000000,love
0.000000000,front
0.000000000,nipples
0.000000000,own
0.000000000,man
0.000000000,big
0.000000000,finally
0.000000000,where
0.000000000,saw
0.000000000,open
0.000000000,ever
0.000000000,finger
0.000000000,side
0.000000000,under
0.000000000,last
0.000000000,deep
0.000000000,tell
0.000000000,night
0.000000000,hips
0.000000000,feeling
0.000000000,woman
0.000000000,sat
0.000000000,panties
0.000000000,stood
0.010526316,found
0.000000000,small
0.000000000,every
0.000000000,dick
0.000000000,gently
0.000000000,quickly
0.000000000,tight
0.000000000,sex
0.000000000,smiled
0.000000000,tits
0.000000000,moment
0.000000000,walked
0.000000000,continued
0.000000000,pushed
0.000000000,pleasure
0.000000000,enough
0.000000000,naked
0.000000000,home
0.000000000,watched
0.000000000,fucking
0.000000000,please
0.000000000,thing
0.000000000,slid
0.000000000,minutes
0.000000000,bit
0.000000000,spread
0.000000000,opened
0.000000000,mind
0.000000000,suck
0.000000000,thighs
0.000000000,why
0.000000000,tried
0.000000000,balls
0.000000000,kiss
0.000000000,knees
0.000000000,floor
0.000000000,sucking
0.000000000,chest
0.000000000,three
0.000000000,kissed
0.000000000,stop
0.000000000,move
0.000000000,clit
0.000000000,though
0.000000000,has
0.000000000,those
0.000000000,prick
0.000000000,gave
0.000000000,feet
0.000000000,sucked
0.000000000,full
0.000000000,making
0.000000000,things
0.000000000,end
0.000000000,later
0.000000000,penis
0.000000000,trying
0.000000000,kept
0.000000000,stopped
0.000000000,warm
0.000000000,watching
0.000000000,boy
0.000000000,mom
0.000000000,should
0.000000000,lay
0.000000000,ready
0.000000000,bottom
0.000000000,must
0.000000000,close
0.000000000,fucked
0.000000000,place
0.000000000,voice
0.000000000,black
0.000000000,suddenly
0.000000000,large
0.000000000,since
0.000000000,having
0.000000000,keep
0.000000000,white
0.010526316,nice
0.000000000,pretty
0.000000000,house
0.000000000,old
0.000000000,table
0.000000000,grabbed
0.000000000,pants
0.000000000,pain
0.000000000,wide
0.000000000,boys
0.000000000,ran
0.000000000,find
0.000000000,quite
0.000000000,show
0.000000000,need
0.000000000,great
0.000000000,turn
0.000000000,might
0.000000000,skirt
0.000000000,neck
0.000000000,hole
0.000000000,part
0.000000000,hold
0.000000000,crotch
0.000000000,coming
0.000000000,water
0.000000000,closed
0.000000000,several
0.010526316,yet
0.000000000,life
0.000000000,moaned
0.000000000,licked
0.000000000,guys
0.000000000,brought
0.000000000,moving
0.000000000,second
0.000000000,rest
0.000000000,slightly
0.000000000,taking
0.000000000,debbie
0.000000000,red
0.000000000,pulling
0.000000000,skin
0.000000000,maybe
0.000000000,dress
0.000000000,completely
0.000000000,school
0.000000000,standing
0.000000000,throat
0.000000000,thick
0.000000000,breath
0.000000000,harder
0.000000000,pressed
0.000000000,position
0.000000000,lot
0.000000000,far
0.000000000,women
0.000000000,rubbed
0.000000000,nipple
0.000000000,couple
0.000000000,rubbing
0.000000000,licking
0.000000000,such
0.000000000,real
0.000000000,holding
0.000000000,baby
0.000000000,leaned
0.000000000,pull
0.000000000,realized
0.000000000,lick
0.000000000,decided
0.000000000,smile
0.000000000,mary
0.000000000,light
0.000000000,shaft
0.000000000,cindy
0.000000000,else
0.000000000,try
0.000000000,watch
0.000000000,guy
0.000000000,tip
0.000000000,replied
0.000000000,start
0.000000000,high
0.000000000,short
0.000000000,half
0.000000000,john
0.000000000,sue
0.000000000,sitting
0.000000000,morning
0.000000000,many
0.000000000,people
0.000000000,finished
0.000000000,waist
0.000000000,slipped
0.000000000,course
0.000000000,cheeks
0.000000000,susan
0.000000000,okay
0.031578947,running
0.000000000,leave
0.000000000,car
0.000000000,guess
0.000000000,lisa
0.000000000,whispered
0.000000000,hurt
0.000000000,kind
0.000000000,bra
0.000000000,fell
0.000000000,friends
0.000000000,wait
0.000000000,placed
0.000000000,pink
0.000000000,mine
0.000000000,shoulders
0.000000000,dark
0.000000000,stand
0.000000000,shirt
0.000000000,filled
0.000000000,laughed
0.000000000,thrust
0.000000000,everything
0.000000000,flesh
0.000000000,play
0.000000000,lifted
0.000000000,firm
0.000000000,called
0.000000000,linda
0.000000000,covered
0.000000000,excited
0.000000000,huge
0.000000000,yeah
0.000000000,least
0.000000000,sexual
0.000000000,sister
0.000000000,returned
0.000000000,longer
0.000000000,stroke
0.000000000,waiting
0.000000000,leg
0.000000000,may
0.000000000,gasped
0.000000000,shot
0.000000000,breast
0.000000000,set
0.000000000,shower
0.000000000,taste
0.000000000,stomach
0.000000000,remember
0.000000000,opening
0.000000000,closer
0.000000000,wife
0.000000000,caught
0.000000000,friend
0.000000000,dressed
0.000000000,ok
0.000000000,juices
0.000000000,chair
0.000000000,shorts
0.000000000,sliding
0.000000000,four
0.000000000,free
0.000000000,daddy
0.000000000,sexy
0.000000000,paul
0.000000000,length
0.000000000,story
0.000000000,talk
0.000000000,lets
0.000000000,wont
0.000000000,slit
0.000000000,removed
0.000000000,karen
0.000000000,bathroom
0.000000000,rolled
0.000000000,happened
0.000000000,sweet
0.000000000,loved
0.000000000,wonderful
0.000000000,giving
0.000000000,point
0.000000000,kissing
0.000000000,stroking
0.000000000,pushing
0.000000000,edge
0.000000000,raised
0.000000000,control
0.000000000,dropped
0.000000000,needed
0.000000000,fact
0.000000000,tightly
0.000000000,faster
0.000000000,picked
0.000000000,mark
0.000000000,probably
0.000000000,call
0.000000000,wrapped
0.000000000,fun
0.000000000,miss
0.000000000,carol
0.000000000,sight
0.000000000,moan
0.000000000,tiny
0.000000000,bad
0.000000000,followed
0.000000000,laid
0.000000000,deeper
0.000000000,dildo
0.000000000,wondered
0.000000000,stroked
0.000000000,straight
0.000000000,mike
0.000000000,minute
0.000000000,sit
0.000000000,blouse
0.000000000,talking
0.000000000,shoulder
0.000000000,different
0.000000000,stepped
0.000000000,leaving
0.000000000,lightly
0.000000000,erect
0.000000000,letting
0.000000000,hours
0.000000000,slow
0.000000000,foot
0.000000000,pair
0.000000000,words
0.000000000,load
0.000000000,jeans
0.000000000,honey
0.000000000,dave
0.000000000,care
0.000000000,stared
0.000000000,smooth
0.000000000,pee
0.000000000,vagina
0.000000000,bob
0.000000000,lost
0.000000000,couch
0.000000000,muscles
0.000000000,stay
0.000000000,squeezed
0.000000000,kim
0.000000000,breathing
0.000000000,hit
0.000000000,throbbing
0.000000000,slide
0.000000000,julie
0.000000000,enjoy
0.000000000,bare
0.000000000,cried
0.000000000,slave
0.000000000,horny
0.000000000,climax
0.000000000,bill
0.000000000,husband
0.000000000,dinner
0.000000000,playing
0.000000000,five
0.000000000,fast
0.000000000,sleep
0.000000000,feels
0.000000000,rub
0.000000000,surprised
0.000000000,past
0.000000000,juice
0.000000000,entire
0.000000000,lower
0.000000000,clean
0.000000000,strokes
0.000000000,blonde
0.000000000,ground
0.000000000,stuff
0.000000000,name
0.000000000,shook
0.000000000,tied
0.010526316,view
0.000000000,reach
0.000000000,stiff
0.000000000,clitoris
0.000000000,stretched
0.000000000,kelly
0.000000000,late
0.000000000,entered
0.000000000,pool
0.000000000,mistress
0.000000000,enjoyed
0.000000000,sensation
0.000000000,hour
0.000000000,lowered
0.000000000,jack
0.000000000,wall
0.000000000,seconds
0.000000000,janet
0.000000000,during
0.000000000,thin
0.000000000,sperm
0.000000000,perfect
0.000000000,excitement
0.000000000,lovely
0.000000000,fully
0.000000000,shit
0.000000000,moaning
0.000000000,tina
0.000000000,led
0.000000000,jim
0.000000000,ten
0.000000000,swollen
0.000000000,exposed
0.000000000,eat
0.021052632,run
0.000000000,living
0.000000000,master
0.000000000,understand
0.000000000,staring
0.000000000,blue
0.000000000,parents
0.000000000,push
0.000000000,desk
0.000000000,enjoying
0.000000000,nearly
0.000000000,dad
0.000000000,groaned
0.000000000,quick
0.000000000,deeply
0.000000000,moments
0.000000000,middle
0.000000000,surprise
0.000000000,walk
0.000000000,screamed
0.000000000,job
0.000000000,showed
0.000000000,pressing
0.000000000,jeff
0.000000000,bring
0.000000000,sensitive
0.000000000,drove
0.000000000,older
0.000000000,world
0.000000000,seat
0.000000000,pumping
0.000000000,buried
0.000000000,brown
0.000000000,near
0.000000000,read
0.000000000,pubic
0.000000000,strong
0.000000000,mirror
0.000000000,lap
0.000000000,happy
0.000000000,pressure
0.000000000,kitchen
0.000000000,special
0.000000000,sisters
0.000000000,chance
0.000000000,thigh
0.000000000,bitch
0.000000000,wrong
0.000000000,drop
0.000000000,turning
0.000000000,drew
0.000000000,erection
0.000000000,spent
0.000000000,mrs
0.000000000,gentle
0.000000000,cumming
0.000000000,strange
0.000000000,ear
0.000000000,carefully
0.000000000,word
0.000000000,cut
0.000000000,happen
0.000000000,passion
0.000000000,matter
0.000000000,crack
0.000000000,round
0.000000000,passed
0.000000000,waited
0.000000000,starting
0.000000000,jennifer
0.000000000,lust
0.000000000,party
0.000000000,managed
0.000000000,obviously
0.000000000,billy
0.000000000,cry
0.000000000,possible
0.000000000,dripping
0.000000000,everyone
0.000000000,cheek
0.000000000,knelt
0.000000000,easy
0.000000000,jenny
0.000000000,change
0.000000000,bodies
0.000000000,barely
0.000000000,six
0.000000000,drink
0.000000000,eye
0.000000000,slut
0.000000000,perhaps
0.000000000,experience
0.000000000,desire
0.000000000,squeezing
0.000000000,lying
0.000000000,jumped
0.000000000,mr
0.000000000,teeth
0.000000000,less
0.000000000,lady
0.000000000,bar
0.000000000,corner
0.000000000,fine
0.000000000,talked
0.000000000,cold
0.000000000,cream
0.000000000,cool
0.000000000,sighed
0.000000000,played
0.000000000,david
0.000000000,wild
0.000000000,continue
0.000000000,firmly
0.000000000,loud
0.000000000,class
0.000000000,especially
0.000000000,daughter
0.000000000,telling
0.000000000,smiling
0.000000000,tears
0.000000000,peter
0.000000000,building
0.000000000,hope
0.000000000,stuck
0.000000000,locked
0.000000000,hung
0.000000000,easily
0.000000000,vibrator
0.000000000,exactly
0.000000000,window
0.000000000,size
0.000000000,except
0.000000000,wore
0.000000000,giggled
0.000000000,chris
0.000000000,kids
0.000000000,chapter
0.000000000,motion
0.000000000,wrists
0.000000000,katt
0.000000000,sam
0.000000000,thomas
0.000000000,sides
0.000000000,phone
0.000000000,robe
0.000000000,figure
0.000000000,quietly
0.000000000,base
0.000000000,ted
0.000000000,sent
0.000000000,hanging
0.000000000,released
0.000000000,line
0.000000000,thoughts
0.000000000,connie
0.000000000,bag
0.000000000,months
0.000000000,spanking
0.000000000,low
0.000000000,jerked
0.000000000,remembered
0.000000000,relaxed
0.000000000,clear
0.000000000,driving
0.000000000,damn
0.000000000,feelings
0.000000000,spoke
0.000000000,sharon
0.000000000,fall
0.000000000,broke
0.000000000,slippery
0.000000000,problem
0.000000000,male
0.000000000,fire
0.000000000,cocks
0.000000000,slip
0.000000000,return
0.000000000,fat
0.000000000,tall
0.000000000,putting
0.000000000,game
0.000000000,material
0.000000000,simply
0.000000000,shoes
0.000000000,suit
0.000000000,jill
0.000000000,thrusting
0.000000000,lisas
0.000000000,earlier
0.000000000,crying
0.000000000,swallowed
0.000000000,jane
0.000000000,scream
0.000000000,laura
0.000000000,shoved
0.000000000,rodger
0.000000000,uncle
0.000000000,plug
0.000000000,grew
0.000000000,female
0.000000000,walking
0.000000000,showing
0.000000000,sandy
0.000000000,grinned
0.000000000,family
0.000000000,expected
0.000000000,mans
0.000000000,changed
0.000000000,worry
0.000000000,blood
0.000000000,bottle
0.000000000,barbara
0.000000000,third
0.000000000,early
0.000000000,shock
0.000000000,responded
0.000000000,reaching
0.000000000,growing
0.000000000,true
0.000000000,sir
0.000000000,facing
0.000000000,exciting
0.000000000,catch
0.000000000,rose
0.000000000,number
0.000000000,shut
0.000000000,pumped
0.000000000,question
0.000000000,trouble
0.000000000,relax
0.000000000,lie
0.000000000,directly
0.000000000,punishment
0.000000000,grip
0.000000000,fear
0.000000000,certainly
0.000000000,smell
0.000000000,crazy
0.000000000,virgin
0.000000000,strap
0.000000000,drive
0.000000000,remove
0.000000000,pictures
0.000000000,tit
0.000000000,reason
0.000000000,climbed
0.000000000,nude
0.000000000,laurie
0.000000000,glass
0.000000000,movement
0.000000000,flat
0.000000000,lover
0.000000000,teasing
0.000000000,quiet
0.000000000,threw
0.000000000,squeeze
0.000000000,glad
0.000000000,embarrassed
0.000000000,chin
0.000000000,louanne
0.000000000,hall
0.000000000,center
0.000000000,caused
0.000000000,wish
0.000000000,step
0.000000000,contact
0.000000000,bikini
0.000000000,shaking
0.000000000,sensations
0.000000000,dance
0.000000000,sense
0.000000000,parted
0.000000000,spreading
0.000000000,speak
0.000000000,obvious
0.000000000,movie
0.000000000,diane
0.000000000,break
0.000000000,rear
0.000000000,dear
0.000000000,rod
0.000000000,bobby
0.000000000,uh
0.000000000,semen
0.000000000,clothing
0.000000000,thumb
0.000000000,suggested
0.000000000,stick
0.000000000,wonder
0.000000000,underwear
0.000000000,sweat
0.000000000,camera
0.000000000,ring
0.000000000,dream
0.000000000,glanced
0.000000000,dry
0.000000000,joined
0.000000000,filling
0.000000000,tammy
0.000000000,box
0.000000000,spot
0.000000000,loose
0.000000000,causing
0.000000000,clearly
0.000000000,caressing
0.000000000,tired
0.000000000,join
0.000000000,handed
0.000000000,moist
0.000000000,erotic
0.000000000,womans
0.000000000,explained
0.000000000,rock
0.000000000,paused
0.000000000,rope
0.000000000,rhythm
0.000000000,release
0.000000000,wine
0.000000000,fit
0.000000000,hardly
0.000000000,group
0.000000000,bigger
0.000000000,wave
0.000000000,gaze
0.000000000,stairs
0.000000000,follow
0.000000000,terry
0.000000000,money
0.000000000,state
0.000000000,moans
0.000000000,sudden
0.000000000,hi
0.000000000,covering
0.000000000,summer
0.000000000,picard
0.000000000,figured
0.000000000,complete
0.000000000,nervous
0.000000000,fill
0.000000000,cover
0.000000000,effect
0.000000000,coffee
0.000000000,caressed
0.000000000,picture
0.000000000,knee
0.000000000,shoot
0.000000000,delight
0.000000000,straps
0.000000000,scene
0.000000000,blond
0.000000000,underneath
0.000000000,twice
0.000000000,susie
0.000000000,steve
0.000000000,lunch
0.000000000,kisses
0.000000000,piece
0.000000000,empty
0.000000000,unable
0.000000000,slick
0.000000000,blow
0.000000000,sun
0.000000000,pick
0.000000000,exposing
0.000000000,book
0.000000000,|
0.000000000,loudly
0.000000000,kathryn
0.000000000,comfortable
0.000000000,wondering
0.000000000,cupped
0.000000000,strip
0.000000000,kid
0.000000000,happening
0.000000000,jerking
0.000000000,higher
0.000000000,sues
0.000000000,tender
0.000000000,laughing
0.000000000,gag
0.000000000,dirty
0.000000000,conversation
0.000000000,tim
0.000000000,response
0.000000000,trembling
0.000000000,till
0.000000000,delicious
0.000000000,tasted
0.000000000,private
0.000000000,oil
0.000000000,swallow
0.000000000,frank
0.000000000,pump
0.000000000,mound
0.000000000,grasped
0.000000000,fabric
0.000000000,ended
0.000000000,situation
0.000000000,silence
0.000000000,laying
0.000000000,final
0.000000000,bright
0.000000000,cup
0.000000000,satisfied
0.000000000,promise
0.000000000,deal
0.000000000,wildly
0.000000000,stayed
0.000000000,tv
0.000000000,handle
0.000000000,suzi
0.000000000,pointed
0.000000000,fantasy
0.000000000,despite
0.000000000,cute
0.000000000,nicole
0.000000000,silk
0.000000000,ellen
0.000000000,business
0.000000000,brushed
0.000000000,powerful
0.000000000,pounding
0.000000000,married
0.000000000,shocked
0.000000000,rested
0.000000000,hoped
0.000000000,burning
0.000000000,panting
0.000000000,entrance
0.000000000,warmth
0.000000000,pleased
0.000000000,twisted
0.000000000,remained
0.000000000,rapidly
0.000000000,blushed
0.000000000,serious
0.000000000,live
0.000000000,case
0.000000000,keeping
0.000000000,greg
0.000000000,expression
0.000000000,juicy
0.000000000,grin
0.000000000,pete
0.000000000,funny
0.000000000,eager
0.000000000,collapsed
0.000000000,bringing
0.000000000,store
0.000000000,perfectly
0.000000000,marie
0.000000000,glistening
0.000000000,janice
0.000000000,following
0.000000000,finish
0.000000000,captain
0.000000000,breakfast
0.000000000,experienced
0.000000000,kims
0.000000000,hoping
0.000000000,yelled
0.000000000,shaved
0.000000000,ecstasy
0.000000000,guided
0.010526316,date
0.000000000,certain
0.000000000,eagerly
0.000000000,strength
0.000000000,stockings
0.000000000,music
0.000000000,carried
0.000000000,caress
0.000000000,enter
0.000000000,darling
0.000000000,dan
0.000000000,walls
0.000000000,bound
0.000000000,power
0.000000000,kneeling
0.000000000,eating
0.000000000,busy
0.000000000,nancy
0.000000000,learn
0.000000000,realize
0.000000000,lights
0.000000000,gasp
0.000000000,sharp
0.000000000,rubber
0.000000000,jerk
0.000000000,massage
0.000000000,johnny
0.000000000,ears
0.000000000,bulge
0.000000000,stage
0.000000000,fist
0.000000000,bath
0.000000000,wrist
0.000000000,tub
0.000000000,stream
0.000000000,secret
0.000000000,resting
0.000000000,learned
0.000000000,creamy
0.000000000,teased
0.000000000,sticky
0.000000000,sleeping
0.000000000,kate
0.000000000,screaming
0.000000000,rigid
0.000000000,tent
0.000000000,daughters
0.000000000,careful
0.000000000,shooting
0.000000000,scared
0.000000000,reply
0.000000000,pace
0.000000000,lip
0.000000000,lead
0.000000000,hard-on
0.000000000,woke
0.000000000,underpants
0.000000000,twat
0.000000000,hugged
0.000000000,street
0.000000000,settled
0.000000000,grow
0.000000000,thrusts
0.000000000,stripped
0.000000000,piss
0.000000000,expect
0.000000000,reading
0.000000000,sticking
0.000000000,ride
0.000000000,revealing
0.000000000,relief
0.000000000,turns
0.000000000,slight
0.000000000,movements
0.000000000,massive
0.000000000,massaging
0.000000000,burst
0.000000000,joe
0.000000000,pay
0.000000000,limp
0.000000000,gripped
0.000000000,crawled
0.000000000,slim
0.000000000,jerry
0.000000000,quivering
0.000000000,kathy
0.000000000,groin
0.000000000,flowing
